(kicad_pcb (version 20171130) (host pcbnew "(5.0.0)")

  (general
    (thickness 1.6)
    (drawings 1)
    (tracks 218)
    (zones 0)
    (modules 16)
    (nets 49)
  )

  (page A4)
  (layers
    (0 F.Cu signal)
    (31 B.Cu signal)
    (32 B.Adhes user)
    (33 F.Adhes user)
    (34 B.Paste user)
    (35 F.Paste user)
    (36 B.SilkS user)
    (37 F.SilkS user)
    (38 B.Mask user)
    (39 F.Mask user)
    (40 Dwgs.User user)
    (41 Cmts.User user)
    (42 Eco1.User user)
    (43 Eco2.User user)
    (44 Edge.Cuts user)
    (45 Margin user)
    (46 B.CrtYd user)
    (47 F.CrtYd user)
    (48 B.Fab user)
    (49 F.Fab user)
  )

  (setup
    (last_trace_width 0.25)
    (trace_clearance 0.2)
    (zone_clearance 0.508)
    (zone_45_only no)
    (trace_min 0.2)
    (segment_width 0.2)
    (edge_width 0.2)
    (via_size 0.8)
    (via_drill 0.4)
    (via_min_size 0.4)
    (via_min_drill 0.3)
    (uvia_size 0.3)
    (uvia_drill 0.1)
    (uvias_allowed no)
    (uvia_min_size 0.2)
    (uvia_min_drill 0.1)
    (pcb_text_width 0.3)
    (pcb_text_size 1.5 1.5)
    (mod_edge_width 0.15)
    (mod_text_size 1 1)
    (mod_text_width 0.15)
    (pad_size 1.524 1.524)
    (pad_drill 0.762)
    (pad_to_mask_clearance 0.2)
    (aux_axis_origin 0 0)
    (visible_elements FFFFFF7F)
    (pcbplotparams
      (layerselection 0x010fc_ffffffff)
      (usegerberextensions false)
      (usegerberattributes false)
      (usegerberadvancedattributes false)
      (creategerberjobfile false)
      (excludeedgelayer true)
      (linewidth 0.100000)
      (plotframeref false)
      (viasonmask false)
      (mode 1)
      (useauxorigin false)
      (hpglpennumber 1)
      (hpglpenspeed 20)
      (hpglpendiameter 15.000000)
      (psnegative false)
      (psa4output false)
      (plotreference true)
      (plotvalue true)
      (plotinvisibletext false)
      (padsonsilk false)
      (subtractmaskfromsilk false)
      (outputformat 1)
      (mirror false)
      (drillshape 1)
      (scaleselection 1)
      (outputdirectory ""))
  )

  (net 0 "")
  (net 1 "Net-(C1-Pad1)")
  (net 2 GND)
  (net 3 "Net-(C2-Pad1)")
  (net 4 5V)
  (net 5 "Net-(C4-Pad1)")
  (net 6 "Net-(C6-Pad1)")
  (net 7 "Net-(J2-Pad1)")
  (net 8 "Net-(J3-Pad3)")
  (net 9 "Net-(J3-Pad2)")
  (net 10 "Net-(R1-Pad1)")
  (net 11 "Net-(R2-Pad1)")
  (net 12 "Net-(U1-Pad37)")
  (net 13 "Net-(U1-Pad34)")
  (net 14 "Net-(U1-Pad33)")
  (net 15 "Net-(U1-Pad32)")
  (net 16 "Net-(U1-Pad31)")
  (net 17 "Net-(U1-Pad30)")
  (net 18 RTS)
  (net 19 "Net-(U1-Pad28)")
  (net 20 "Net-(U1-Pad27)")
  (net 21 "Net-(U1-Pad26)")
  (net 22 CTS)
  (net 23 "Net-(U1-Pad24)")
  (net 24 "Net-(U1-Pad23)")
  (net 25 "Net-(U1-Pad21)")
  (net 26 "Net-(U1-Pad20)")
  (net 27 "Net-(U1-Pad19)")
  (net 28 "Net-(U1-Pad18)")
  (net 29 "Net-(U1-Pad17)")
  (net 30 "Net-(U1-Pad16)")
  (net 31 "Net-(U1-Pad15)")
  (net 32 "Net-(U1-Pad14)")
  (net 33 "Net-(U1-Pad12)")
  (net 34 DTR)
  (net 35 "Net-(U1-Pad9)")
  (net 36 "Net-(U1-Pad8)")
  (net 37 "Net-(U1-Pad7)")
  (net 38 "Net-(U1-Pad6)")
  (net 39 "Net-(U1-Pad5)")
  (net 40 DIN)
  (net 41 DOUT)
  (net 42 "Net-(U2-Pad19)")
  (net 43 "Net-(U2-Pad18)")
  (net 44 "Net-(U2-Pad17)")
  (net 45 "Net-(U2-Pad10)")
  (net 46 "Net-(U2-Pad8)")
  (net 47 "Net-(U2-Pad7)")
  (net 48 "Net-(U2-Pad5)")

  (net_class Default "This is the default net class."
    (clearance 0.2)
    (trace_width 0.25)
    (via_dia 0.8)
    (via_drill 0.4)
    (uvia_dia 0.3)
    (uvia_drill 0.1)
    (add_net 5V)
    (add_net CTS)
    (add_net DIN)
    (add_net DOUT)
    (add_net DTR)
    (add_net GND)
    (add_net "Net-(C1-Pad1)")
    (add_net "Net-(C2-Pad1)")
    (add_net "Net-(C4-Pad1)")
    (add_net "Net-(C6-Pad1)")
    (add_net "Net-(J2-Pad1)")
    (add_net "Net-(J3-Pad2)")
    (add_net "Net-(J3-Pad3)")
    (add_net "Net-(R1-Pad1)")
    (add_net "Net-(R2-Pad1)")
    (add_net "Net-(U1-Pad12)")
    (add_net "Net-(U1-Pad14)")
    (add_net "Net-(U1-Pad15)")
    (add_net "Net-(U1-Pad16)")
    (add_net "Net-(U1-Pad17)")
    (add_net "Net-(U1-Pad18)")
    (add_net "Net-(U1-Pad19)")
    (add_net "Net-(U1-Pad20)")
    (add_net "Net-(U1-Pad21)")
    (add_net "Net-(U1-Pad23)")
    (add_net "Net-(U1-Pad24)")
    (add_net "Net-(U1-Pad26)")
    (add_net "Net-(U1-Pad27)")
    (add_net "Net-(U1-Pad28)")
    (add_net "Net-(U1-Pad30)")
    (add_net "Net-(U1-Pad31)")
    (add_net "Net-(U1-Pad32)")
    (add_net "Net-(U1-Pad33)")
    (add_net "Net-(U1-Pad34)")
    (add_net "Net-(U1-Pad37)")
    (add_net "Net-(U1-Pad5)")
    (add_net "Net-(U1-Pad6)")
    (add_net "Net-(U1-Pad7)")
    (add_net "Net-(U1-Pad8)")
    (add_net "Net-(U1-Pad9)")
    (add_net "Net-(U2-Pad10)")
    (add_net "Net-(U2-Pad17)")
    (add_net "Net-(U2-Pad18)")
    (add_net "Net-(U2-Pad19)")
    (add_net "Net-(U2-Pad5)")
    (add_net "Net-(U2-Pad7)")
    (add_net "Net-(U2-Pad8)")
    (add_net RTS)
  )

  (module Housings_SSOP:SSOP-20_5.3x7.2mm_Pitch0.65mm (layer F.Cu) (tedit 5C020185) (tstamp 5BFFEE5E)
    (at 17.78 64.77 180)
    (descr "20-Lead Plastic Shrink Small Outline (SS)-5.30 mm Body [SSOP] (see Microchip Packaging Specification 00000049BS.pdf)")
    (tags "SSOP 0.65")
    (path /5BF8DADB)
    (attr smd)
    (fp_text reference U2 (at 0 -4.75 180) (layer F.SilkS)
      (effects (font (size 1 1) (thickness 0.15)))
    )
    (fp_text value FT231XS (at 0 4.75 180) (layer F.Fab)
      (effects (font (size 1 1) (thickness 0.15)))
    )
    (fp_text user %R (at 0 0 180) (layer F.Fab)
      (effects (font (size 0.8 0.8) (thickness 0.15)))
    )
    (fp_line (start -2.875 -3.475) (end -4.475 -3.475) (layer F.SilkS) (width 0.15))
    (fp_line (start -2.875 3.825) (end 2.875 3.825) (layer F.SilkS) (width 0.15))
    (fp_line (start -2.875 -3.825) (end 2.875 -3.825) (layer F.SilkS) (width 0.15))
    (fp_line (start -2.875 3.825) (end -2.875 3.375) (layer F.SilkS) (width 0.15))
    (fp_line (start 2.875 3.825) (end 2.875 3.375) (layer F.SilkS) (width 0.15))
    (fp_line (start 2.875 -3.825) (end 2.875 -3.375) (layer F.SilkS) (width 0.15))
    (fp_line (start -2.875 -3.825) (end -2.875 -3.475) (layer F.SilkS) (width 0.15))
    (fp_line (start -4.75 4) (end 4.75 4) (layer F.CrtYd) (width 0.05))
    (fp_line (start -4.75 -4) (end 4.75 -4) (layer F.CrtYd) (width 0.05))
    (fp_line (start 4.75 -4) (end 4.75 4) (layer F.CrtYd) (width 0.05))
    (fp_line (start -4.75 -4) (end -4.75 4) (layer F.CrtYd) (width 0.05))
    (fp_line (start -2.65 -2.6) (end -1.65 -3.6) (layer F.Fab) (width 0.15))
    (fp_line (start -2.65 3.6) (end -2.65 -2.6) (layer F.Fab) (width 0.15))
    (fp_line (start 2.65 3.6) (end -2.65 3.6) (layer F.Fab) (width 0.15))
    (fp_line (start 2.65 -3.6) (end 2.65 3.6) (layer F.Fab) (width 0.15))
    (fp_line (start -1.65 -3.6) (end 2.65 -3.6) (layer F.Fab) (width 0.15))
    (pad 20 smd rect (at 3.6 -2.925 180) (size 1.75 0.45) (layers F.Cu F.Paste F.Mask)
      (net 40 DIN))
    (pad 19 smd rect (at 3.6 -2.275 180) (size 1.75 0.45) (layers F.Cu F.Paste F.Mask)
      (net 42 "Net-(U2-Pad19)"))
    (pad 18 smd rect (at 3.6 -1.625 180) (size 1.75 0.45) (layers F.Cu F.Paste F.Mask)
      (net 43 "Net-(U2-Pad18)"))
    (pad 17 smd rect (at 3.6 -0.975 180) (size 1.75 0.45) (layers F.Cu F.Paste F.Mask)
      (net 44 "Net-(U2-Pad17)"))
    (pad 16 smd rect (at 3.6 -0.325 180) (size 1.75 0.45) (layers F.Cu F.Paste F.Mask)
      (net 2 GND))
    (pad 15 smd rect (at 3.6 0.325 180) (size 1.75 0.45) (layers F.Cu F.Paste F.Mask)
      (net 4 5V))
    (pad 14 smd rect (at 3.6 0.975 180) (size 1.75 0.45) (layers F.Cu F.Paste F.Mask)
      (net 5 "Net-(C4-Pad1)"))
    (pad 13 smd rect (at 3.6 1.625 180) (size 1.75 0.45) (layers F.Cu F.Paste F.Mask)
      (net 5 "Net-(C4-Pad1)"))
    (pad 12 smd rect (at 3.6 2.275 180) (size 1.75 0.45) (layers F.Cu F.Paste F.Mask)
      (net 11 "Net-(R2-Pad1)"))
    (pad 11 smd rect (at 3.6 2.925 180) (size 1.75 0.45) (layers F.Cu F.Paste F.Mask)
      (net 10 "Net-(R1-Pad1)"))
    (pad 10 smd rect (at -3.6 2.925 180) (size 1.75 0.45) (layers F.Cu F.Paste F.Mask)
      (net 45 "Net-(U2-Pad10)"))
    (pad 9 smd rect (at -3.6 2.275 180) (size 1.75 0.45) (layers F.Cu F.Paste F.Mask)
      (net 22 CTS))
    (pad 8 smd rect (at -3.6 1.625 180) (size 1.75 0.45) (layers F.Cu F.Paste F.Mask)
      (net 46 "Net-(U2-Pad8)"))
    (pad 7 smd rect (at -3.6 0.975 180) (size 1.75 0.45) (layers F.Cu F.Paste F.Mask)
      (net 47 "Net-(U2-Pad7)"))
    (pad 6 smd rect (at -3.6 0.325 180) (size 1.75 0.45) (layers F.Cu F.Paste F.Mask)
      (net 2 GND))
    (pad 5 smd rect (at -3.6 -0.325 180) (size 1.75 0.45) (layers F.Cu F.Paste F.Mask)
      (net 48 "Net-(U2-Pad5)"))
    (pad 4 smd rect (at -3.6 -0.975 180) (size 1.75 0.45) (layers F.Cu F.Paste F.Mask)
      (net 41 DOUT))
    (pad 3 smd rect (at -3.6 -1.625 180) (size 1.75 0.45) (layers F.Cu F.Paste F.Mask)
      (net 5 "Net-(C4-Pad1)"))
    (pad 2 smd rect (at -3.6 -2.275 180) (size 1.75 0.45) (layers F.Cu F.Paste F.Mask)
      (net 18 RTS))
    (pad 1 smd rect (at -3.6 -2.925 180) (size 1.75 0.45) (layers F.Cu F.Paste F.Mask)
      (net 34 DTR))
    (model ${KISYS3DMOD}/Housings_SSOP.3dshapes/SSOP-20_5.3x7.2mm_Pitch0.65mm.wrl
      (at (xyz 0 0 0))
      (scale (xyz 1 1 1))
      (rotate (xyz 0 0 0))
    )
  )

  (module Capacitors_SMD:C_0805_HandSoldering (layer F.Cu) (tedit 58AA84A8) (tstamp 5C02041D)
    (at 20.955 54.61 270)
    (descr "Capacitor SMD 0805, hand soldering")
    (tags "capacitor 0805")
    (path /5BF9AE23)
    (attr smd)
    (fp_text reference C1 (at 0 -1.75 270) (layer F.SilkS)
      (effects (font (size 1 1) (thickness 0.15)))
    )
    (fp_text value 47pF (at 0 1.75 270) (layer F.Fab)
      (effects (font (size 1 1) (thickness 0.15)))
    )
    (fp_text user %R (at 0 -1.75 270) (layer F.Fab)
      (effects (font (size 1 1) (thickness 0.15)))
    )
    (fp_line (start -1 0.62) (end -1 -0.62) (layer F.Fab) (width 0.1))
    (fp_line (start 1 0.62) (end -1 0.62) (layer F.Fab) (width 0.1))
    (fp_line (start 1 -0.62) (end 1 0.62) (layer F.Fab) (width 0.1))
    (fp_line (start -1 -0.62) (end 1 -0.62) (layer F.Fab) (width 0.1))
    (fp_line (start 0.5 -0.85) (end -0.5 -0.85) (layer F.SilkS) (width 0.12))
    (fp_line (start -0.5 0.85) (end 0.5 0.85) (layer F.SilkS) (width 0.12))
    (fp_line (start -2.25 -0.88) (end 2.25 -0.88) (layer F.CrtYd) (width 0.05))
    (fp_line (start -2.25 -0.88) (end -2.25 0.87) (layer F.CrtYd) (width 0.05))
    (fp_line (start 2.25 0.87) (end 2.25 -0.88) (layer F.CrtYd) (width 0.05))
    (fp_line (start 2.25 0.87) (end -2.25 0.87) (layer F.CrtYd) (width 0.05))
    (pad 1 smd rect (at -1.25 0 270) (size 1.5 1.25) (layers F.Cu F.Paste F.Mask)
      (net 1 "Net-(C1-Pad1)"))
    (pad 2 smd rect (at 1.25 0 270) (size 1.5 1.25) (layers F.Cu F.Paste F.Mask)
      (net 2 GND))
    (model Capacitors_SMD.3dshapes/C_0805.wrl
      (at (xyz 0 0 0))
      (scale (xyz 1 1 1))
      (rotate (xyz 0 0 0))
    )
  )

  (module Capacitors_SMD:C_0805_HandSoldering (layer F.Cu) (tedit 58AA84A8) (tstamp 5BFFA866)
    (at 11.43 54.59 270)
    (descr "Capacitor SMD 0805, hand soldering")
    (tags "capacitor 0805")
    (path /5BF9AE73)
    (attr smd)
    (fp_text reference C2 (at 0 -1.75 270) (layer F.SilkS)
      (effects (font (size 1 1) (thickness 0.15)))
    )
    (fp_text value 47pF (at 0 1.75 270) (layer F.Fab)
      (effects (font (size 1 1) (thickness 0.15)))
    )
    (fp_line (start 2.25 0.87) (end -2.25 0.87) (layer F.CrtYd) (width 0.05))
    (fp_line (start 2.25 0.87) (end 2.25 -0.88) (layer F.CrtYd) (width 0.05))
    (fp_line (start -2.25 -0.88) (end -2.25 0.87) (layer F.CrtYd) (width 0.05))
    (fp_line (start -2.25 -0.88) (end 2.25 -0.88) (layer F.CrtYd) (width 0.05))
    (fp_line (start -0.5 0.85) (end 0.5 0.85) (layer F.SilkS) (width 0.12))
    (fp_line (start 0.5 -0.85) (end -0.5 -0.85) (layer F.SilkS) (width 0.12))
    (fp_line (start -1 -0.62) (end 1 -0.62) (layer F.Fab) (width 0.1))
    (fp_line (start 1 -0.62) (end 1 0.62) (layer F.Fab) (width 0.1))
    (fp_line (start 1 0.62) (end -1 0.62) (layer F.Fab) (width 0.1))
    (fp_line (start -1 0.62) (end -1 -0.62) (layer F.Fab) (width 0.1))
    (fp_text user %R (at 0 -1.75 270) (layer F.Fab)
      (effects (font (size 1 1) (thickness 0.15)))
    )
    (pad 2 smd rect (at 1.25 0 270) (size 1.5 1.25) (layers F.Cu F.Paste F.Mask)
      (net 2 GND))
    (pad 1 smd rect (at -1.25 0 270) (size 1.5 1.25) (layers F.Cu F.Paste F.Mask)
      (net 3 "Net-(C2-Pad1)"))
    (model Capacitors_SMD.3dshapes/C_0805.wrl
      (at (xyz 0 0 0))
      (scale (xyz 1 1 1))
      (rotate (xyz 0 0 0))
    )
  )

  (module Capacitors_SMD:C_0805_HandSoldering (layer F.Cu) (tedit 58AA84A8) (tstamp 5BFFA877)
    (at 24.13 54.59 270)
    (descr "Capacitor SMD 0805, hand soldering")
    (tags "capacitor 0805")
    (path /5BF9BD37)
    (attr smd)
    (fp_text reference C3 (at 0 -1.75 270) (layer F.SilkS)
      (effects (font (size 1 1) (thickness 0.15)))
    )
    (fp_text value 0.01uF (at 0 1.75 270) (layer F.Fab)
      (effects (font (size 1 1) (thickness 0.15)))
    )
    (fp_text user %R (at 0 -1.75 270) (layer F.Fab)
      (effects (font (size 1 1) (thickness 0.15)))
    )
    (fp_line (start -1 0.62) (end -1 -0.62) (layer F.Fab) (width 0.1))
    (fp_line (start 1 0.62) (end -1 0.62) (layer F.Fab) (width 0.1))
    (fp_line (start 1 -0.62) (end 1 0.62) (layer F.Fab) (width 0.1))
    (fp_line (start -1 -0.62) (end 1 -0.62) (layer F.Fab) (width 0.1))
    (fp_line (start 0.5 -0.85) (end -0.5 -0.85) (layer F.SilkS) (width 0.12))
    (fp_line (start -0.5 0.85) (end 0.5 0.85) (layer F.SilkS) (width 0.12))
    (fp_line (start -2.25 -0.88) (end 2.25 -0.88) (layer F.CrtYd) (width 0.05))
    (fp_line (start -2.25 -0.88) (end -2.25 0.87) (layer F.CrtYd) (width 0.05))
    (fp_line (start 2.25 0.87) (end 2.25 -0.88) (layer F.CrtYd) (width 0.05))
    (fp_line (start 2.25 0.87) (end -2.25 0.87) (layer F.CrtYd) (width 0.05))
    (pad 1 smd rect (at -1.25 0 270) (size 1.5 1.25) (layers F.Cu F.Paste F.Mask)
      (net 4 5V))
    (pad 2 smd rect (at 1.25 0 270) (size 1.5 1.25) (layers F.Cu F.Paste F.Mask)
      (net 2 GND))
    (model Capacitors_SMD.3dshapes/C_0805.wrl
      (at (xyz 0 0 0))
      (scale (xyz 1 1 1))
      (rotate (xyz 0 0 0))
    )
  )

  (module Capacitors_SMD:C_0805_HandSoldering (layer F.Cu) (tedit 58AA84A8) (tstamp 5BFFA888)
    (at 27.305 54.59 90)
    (descr "Capacitor SMD 0805, hand soldering")
    (tags "capacitor 0805")
    (path /5BF91251)
    (attr smd)
    (fp_text reference C4 (at 0 -1.75 90) (layer F.SilkS)
      (effects (font (size 1 1) (thickness 0.15)))
    )
    (fp_text value 0.1uF (at 0 1.75 90) (layer F.Fab)
      (effects (font (size 1 1) (thickness 0.15)))
    )
    (fp_line (start 2.25 0.87) (end -2.25 0.87) (layer F.CrtYd) (width 0.05))
    (fp_line (start 2.25 0.87) (end 2.25 -0.88) (layer F.CrtYd) (width 0.05))
    (fp_line (start -2.25 -0.88) (end -2.25 0.87) (layer F.CrtYd) (width 0.05))
    (fp_line (start -2.25 -0.88) (end 2.25 -0.88) (layer F.CrtYd) (width 0.05))
    (fp_line (start -0.5 0.85) (end 0.5 0.85) (layer F.SilkS) (width 0.12))
    (fp_line (start 0.5 -0.85) (end -0.5 -0.85) (layer F.SilkS) (width 0.12))
    (fp_line (start -1 -0.62) (end 1 -0.62) (layer F.Fab) (width 0.1))
    (fp_line (start 1 -0.62) (end 1 0.62) (layer F.Fab) (width 0.1))
    (fp_line (start 1 0.62) (end -1 0.62) (layer F.Fab) (width 0.1))
    (fp_line (start -1 0.62) (end -1 -0.62) (layer F.Fab) (width 0.1))
    (fp_text user %R (at 0 -1.75 90) (layer F.Fab)
      (effects (font (size 1 1) (thickness 0.15)))
    )
    (pad 2 smd rect (at 1.25 0 90) (size 1.5 1.25) (layers F.Cu F.Paste F.Mask)
      (net 2 GND))
    (pad 1 smd rect (at -1.25 0 90) (size 1.5 1.25) (layers F.Cu F.Paste F.Mask)
      (net 5 "Net-(C4-Pad1)"))
    (model Capacitors_SMD.3dshapes/C_0805.wrl
      (at (xyz 0 0 0))
      (scale (xyz 1 1 1))
      (rotate (xyz 0 0 0))
    )
  )

  (module Capacitors_SMD:C_0805_HandSoldering (layer F.Cu) (tedit 58AA84A8) (tstamp 5BFFA899)
    (at 78.105 57.13 270)
    (descr "Capacitor SMD 0805, hand soldering")
    (tags "capacitor 0805")
    (path /5BF8BB33)
    (attr smd)
    (fp_text reference C5 (at 0 -1.75 270) (layer F.SilkS)
      (effects (font (size 1 1) (thickness 0.15)))
    )
    (fp_text value 4.7uF (at 0 1.75 270) (layer F.Fab)
      (effects (font (size 1 1) (thickness 0.15)))
    )
    (fp_line (start 2.25 0.87) (end -2.25 0.87) (layer F.CrtYd) (width 0.05))
    (fp_line (start 2.25 0.87) (end 2.25 -0.88) (layer F.CrtYd) (width 0.05))
    (fp_line (start -2.25 -0.88) (end -2.25 0.87) (layer F.CrtYd) (width 0.05))
    (fp_line (start -2.25 -0.88) (end 2.25 -0.88) (layer F.CrtYd) (width 0.05))
    (fp_line (start -0.5 0.85) (end 0.5 0.85) (layer F.SilkS) (width 0.12))
    (fp_line (start 0.5 -0.85) (end -0.5 -0.85) (layer F.SilkS) (width 0.12))
    (fp_line (start -1 -0.62) (end 1 -0.62) (layer F.Fab) (width 0.1))
    (fp_line (start 1 -0.62) (end 1 0.62) (layer F.Fab) (width 0.1))
    (fp_line (start 1 0.62) (end -1 0.62) (layer F.Fab) (width 0.1))
    (fp_line (start -1 0.62) (end -1 -0.62) (layer F.Fab) (width 0.1))
    (fp_text user %R (at 0 -1.75 270) (layer F.Fab)
      (effects (font (size 1 1) (thickness 0.15)))
    )
    (pad 2 smd rect (at 1.25 0 270) (size 1.5 1.25) (layers F.Cu F.Paste F.Mask)
      (net 2 GND))
    (pad 1 smd rect (at -1.25 0 270) (size 1.5 1.25) (layers F.Cu F.Paste F.Mask)
      (net 4 5V))
    (model Capacitors_SMD.3dshapes/C_0805.wrl
      (at (xyz 0 0 0))
      (scale (xyz 1 1 1))
      (rotate (xyz 0 0 0))
    )
  )

  (module Capacitors_SMD:C_0805_HandSoldering (layer F.Cu) (tedit 58AA84A8) (tstamp 5BFFA8AA)
    (at 73.025 57.13 270)
    (descr "Capacitor SMD 0805, hand soldering")
    (tags "capacitor 0805")
    (path /5BF8BCA2)
    (attr smd)
    (fp_text reference C6 (at 0 -1.75 270) (layer F.SilkS)
      (effects (font (size 1 1) (thickness 0.15)))
    )
    (fp_text value 4.7uF (at 0 1.75 270) (layer F.Fab)
      (effects (font (size 1 1) (thickness 0.15)))
    )
    (fp_text user %R (at 0 -1.75 270) (layer F.Fab)
      (effects (font (size 1 1) (thickness 0.15)))
    )
    (fp_line (start -1 0.62) (end -1 -0.62) (layer F.Fab) (width 0.1))
    (fp_line (start 1 0.62) (end -1 0.62) (layer F.Fab) (width 0.1))
    (fp_line (start 1 -0.62) (end 1 0.62) (layer F.Fab) (width 0.1))
    (fp_line (start -1 -0.62) (end 1 -0.62) (layer F.Fab) (width 0.1))
    (fp_line (start 0.5 -0.85) (end -0.5 -0.85) (layer F.SilkS) (width 0.12))
    (fp_line (start -0.5 0.85) (end 0.5 0.85) (layer F.SilkS) (width 0.12))
    (fp_line (start -2.25 -0.88) (end 2.25 -0.88) (layer F.CrtYd) (width 0.05))
    (fp_line (start -2.25 -0.88) (end -2.25 0.87) (layer F.CrtYd) (width 0.05))
    (fp_line (start 2.25 0.87) (end 2.25 -0.88) (layer F.CrtYd) (width 0.05))
    (fp_line (start 2.25 0.87) (end -2.25 0.87) (layer F.CrtYd) (width 0.05))
    (pad 1 smd rect (at -1.25 0 270) (size 1.5 1.25) (layers F.Cu F.Paste F.Mask)
      (net 6 "Net-(C6-Pad1)"))
    (pad 2 smd rect (at 1.25 0 270) (size 1.5 1.25) (layers F.Cu F.Paste F.Mask)
      (net 2 GND))
    (model Capacitors_SMD.3dshapes/C_0805.wrl
      (at (xyz 0 0 0))
      (scale (xyz 1 1 1))
      (rotate (xyz 0 0 0))
    )
  )

  (module Capacitors_SMD:C_0805_HandSoldering (layer F.Cu) (tedit 58AA84A8) (tstamp 5BFFA8BB)
    (at 30.48 67.925 270)
    (descr "Capacitor SMD 0805, hand soldering")
    (tags "capacitor 0805")
    (path /5BF8BFFE)
    (attr smd)
    (fp_text reference C7 (at 0 -1.75 270) (layer F.SilkS)
      (effects (font (size 1 1) (thickness 0.15)))
    )
    (fp_text value 100pF (at 0 1.75 270) (layer F.Fab)
      (effects (font (size 1 1) (thickness 0.15)))
    )
    (fp_text user %R (at 0 -1.75 270) (layer F.Fab)
      (effects (font (size 1 1) (thickness 0.15)))
    )
    (fp_line (start -1 0.62) (end -1 -0.62) (layer F.Fab) (width 0.1))
    (fp_line (start 1 0.62) (end -1 0.62) (layer F.Fab) (width 0.1))
    (fp_line (start 1 -0.62) (end 1 0.62) (layer F.Fab) (width 0.1))
    (fp_line (start -1 -0.62) (end 1 -0.62) (layer F.Fab) (width 0.1))
    (fp_line (start 0.5 -0.85) (end -0.5 -0.85) (layer F.SilkS) (width 0.12))
    (fp_line (start -0.5 0.85) (end 0.5 0.85) (layer F.SilkS) (width 0.12))
    (fp_line (start -2.25 -0.88) (end 2.25 -0.88) (layer F.CrtYd) (width 0.05))
    (fp_line (start -2.25 -0.88) (end -2.25 0.87) (layer F.CrtYd) (width 0.05))
    (fp_line (start 2.25 0.87) (end 2.25 -0.88) (layer F.CrtYd) (width 0.05))
    (fp_line (start 2.25 0.87) (end -2.25 0.87) (layer F.CrtYd) (width 0.05))
    (pad 1 smd rect (at -1.25 0 270) (size 1.5 1.25) (layers F.Cu F.Paste F.Mask)
      (net 6 "Net-(C6-Pad1)"))
    (pad 2 smd rect (at 1.25 0 270) (size 1.5 1.25) (layers F.Cu F.Paste F.Mask)
      (net 2 GND))
    (model Capacitors_SMD.3dshapes/C_0805.wrl
      (at (xyz 0 0 0))
      (scale (xyz 1 1 1))
      (rotate (xyz 0 0 0))
    )
  )

  (module Capacitors_SMD:C_0805_HandSoldering (layer F.Cu) (tedit 58AA84A8) (tstamp 5BFFA8CC)
    (at 27.305 67.925 270)
    (descr "Capacitor SMD 0805, hand soldering")
    (tags "capacitor 0805")
    (path /5BF8BFB4)
    (attr smd)
    (fp_text reference C8 (at 0 -1.75 270) (layer F.SilkS)
      (effects (font (size 1 1) (thickness 0.15)))
    )
    (fp_text value 1uF (at 0 1.75 270) (layer F.Fab)
      (effects (font (size 1 1) (thickness 0.15)))
    )
    (fp_line (start 2.25 0.87) (end -2.25 0.87) (layer F.CrtYd) (width 0.05))
    (fp_line (start 2.25 0.87) (end 2.25 -0.88) (layer F.CrtYd) (width 0.05))
    (fp_line (start -2.25 -0.88) (end -2.25 0.87) (layer F.CrtYd) (width 0.05))
    (fp_line (start -2.25 -0.88) (end 2.25 -0.88) (layer F.CrtYd) (width 0.05))
    (fp_line (start -0.5 0.85) (end 0.5 0.85) (layer F.SilkS) (width 0.12))
    (fp_line (start 0.5 -0.85) (end -0.5 -0.85) (layer F.SilkS) (width 0.12))
    (fp_line (start -1 -0.62) (end 1 -0.62) (layer F.Fab) (width 0.1))
    (fp_line (start 1 -0.62) (end 1 0.62) (layer F.Fab) (width 0.1))
    (fp_line (start 1 0.62) (end -1 0.62) (layer F.Fab) (width 0.1))
    (fp_line (start -1 0.62) (end -1 -0.62) (layer F.Fab) (width 0.1))
    (fp_text user %R (at 0 -1.75 270) (layer F.Fab)
      (effects (font (size 1 1) (thickness 0.15)))
    )
    (pad 2 smd rect (at 1.25 0 270) (size 1.5 1.25) (layers F.Cu F.Paste F.Mask)
      (net 2 GND))
    (pad 1 smd rect (at -1.25 0 270) (size 1.5 1.25) (layers F.Cu F.Paste F.Mask)
      (net 6 "Net-(C6-Pad1)"))
    (model Capacitors_SMD.3dshapes/C_0805.wrl
      (at (xyz 0 0 0))
      (scale (xyz 1 1 1))
      (rotate (xyz 0 0 0))
    )
  )

  (module Connectors:USB_A (layer F.Cu) (tedit 5543E289) (tstamp 5BFFA8E0)
    (at 5.08 50.8 270)
    (descr "USB A connector")
    (tags "USB USB_A")
    (path /5BF8C8F0)
    (fp_text reference J1 (at 0 -2.35 270) (layer F.SilkS)
      (effects (font (size 1 1) (thickness 0.15)))
    )
    (fp_text value USB_A (at 3.84 7.44 270) (layer F.Fab)
      (effects (font (size 1 1) (thickness 0.15)))
    )
    (fp_line (start -3.94 4.35) (end -3.94 12.95) (layer F.SilkS) (width 0.12))
    (fp_line (start 11.05 4.15) (end 11.05 12.95) (layer F.SilkS) (width 0.12))
    (fp_line (start 11.05 12.95) (end -3.94 12.95) (layer F.SilkS) (width 0.12))
    (fp_line (start 11.05 -1.14) (end -3.94 -1.14) (layer F.SilkS) (width 0.12))
    (fp_line (start -3.94 -1.14) (end -3.94 0.98) (layer F.SilkS) (width 0.12))
    (fp_line (start 11.05 -1.14) (end 11.05 1.19) (layer F.SilkS) (width 0.12))
    (fp_line (start -5.3 -1.4) (end 11.95 -1.4) (layer F.CrtYd) (width 0.05))
    (fp_line (start -5.3 13.2) (end 11.95 13.2) (layer F.CrtYd) (width 0.05))
    (fp_line (start 11.95 -1.4) (end 11.95 13.2) (layer F.CrtYd) (width 0.05))
    (fp_line (start -5.3 13.2) (end -5.3 -1.4) (layer F.CrtYd) (width 0.05))
    (pad 5 thru_hole circle (at -3.56 2.67 180) (size 3 3) (drill 2.3) (layers *.Cu *.Mask)
      (net 2 GND))
    (pad 5 thru_hole circle (at 10.16 2.67 180) (size 3 3) (drill 2.3) (layers *.Cu *.Mask)
      (net 2 GND))
    (pad 1 thru_hole circle (at 0 0 180) (size 1.5 1.5) (drill 1) (layers *.Cu *.Mask)
      (net 4 5V))
    (pad 2 thru_hole circle (at 2.54 0 180) (size 1.5 1.5) (drill 1) (layers *.Cu *.Mask)
      (net 3 "Net-(C2-Pad1)"))
    (pad 3 thru_hole circle (at 4.57 0 180) (size 1.5 1.5) (drill 1) (layers *.Cu *.Mask)
      (net 1 "Net-(C1-Pad1)"))
    (pad 4 thru_hole circle (at 7.11 0 180) (size 1.5 1.5) (drill 1) (layers *.Cu *.Mask)
      (net 2 GND))
    (model ${KISYS3DMOD}/Connectors.3dshapes/USB_A.wrl
      (offset (xyz 3.555999946594238 0 0))
      (scale (xyz 1 1 1))
      (rotate (xyz 0 0 90))
    )
  )

  (module Connectors:SMA_SMD_Jack_Straight (layer F.Cu) (tedit 58C35474) (tstamp 5BFFA908)
    (at 17.62 46.295 270)
    (descr "SMA pcb surface mount jack")
    (tags "SMA SMD Jack Straight")
    (path /5BF8C615)
    (attr smd)
    (fp_text reference J2 (at 0 -5 270) (layer F.SilkS)
      (effects (font (size 1 1) (thickness 0.15)))
    )
    (fp_text value Conn_Coaxial (at 0 5 270) (layer F.Fab)
      (effects (font (size 1 1) (thickness 0.15)))
    )
    (fp_text user %R (at 0 -5 270) (layer F.Fab)
      (effects (font (size 1 1) (thickness 0.15)))
    )
    (fp_line (start 3.3 -1) (end 3.3 1) (layer F.SilkS) (width 0.12))
    (fp_line (start -3.3 -1) (end -3.3 1) (layer F.SilkS) (width 0.12))
    (fp_line (start 3.17 -3.17) (end 3.17 3.17) (layer F.Fab) (width 0.1))
    (fp_line (start -3.17 3.17) (end 3.17 3.17) (layer F.Fab) (width 0.1))
    (fp_line (start -3.17 -3.17) (end -3.17 3.17) (layer F.Fab) (width 0.1))
    (fp_line (start -3.17 -3.17) (end 3.17 -3.17) (layer F.Fab) (width 0.1))
    (fp_line (start -1.58 -3.17) (end -1.58 -1.58) (layer F.Fab) (width 0.1))
    (fp_line (start -3.17 -1.58) (end -1.58 -1.58) (layer F.Fab) (width 0.1))
    (fp_line (start -1.58 1.58) (end -1.58 3.17) (layer F.Fab) (width 0.1))
    (fp_line (start -3.17 1.58) (end -1.58 1.58) (layer F.Fab) (width 0.1))
    (fp_line (start 1.58 -3.17) (end 1.58 -1.58) (layer F.Fab) (width 0.1))
    (fp_line (start 1.58 -1.58) (end 3.17 -1.58) (layer F.Fab) (width 0.1))
    (fp_line (start 3.17 1.58) (end 1.58 1.58) (layer F.Fab) (width 0.1))
    (fp_line (start 1.58 1.58) (end 1.58 3.17) (layer F.Fab) (width 0.1))
    (fp_line (start -4.06 -4.06) (end 4.06 -4.06) (layer F.CrtYd) (width 0.05))
    (fp_line (start -4.06 -4.06) (end -4.06 4.06) (layer F.CrtYd) (width 0.05))
    (fp_line (start 4.06 4.06) (end 4.06 -4.06) (layer F.CrtYd) (width 0.05))
    (fp_line (start 4.06 4.06) (end -4.06 4.06) (layer F.CrtYd) (width 0.05))
    (fp_circle (center 0 0) (end 2.04 0) (layer F.Fab) (width 0.1))
    (fp_circle (center 0 0) (end 1.27 0) (layer F.Fab) (width 0.1))
    (pad 2 smd rect (at -2.6 -2.38) (size 2.35 1.91) (layers F.Cu F.Paste F.Mask)
      (net 2 GND))
    (pad 2 smd rect (at 0 -2.8) (size 1.51 7.11) (layers F.Cu F.Paste F.Mask)
      (net 2 GND))
    (pad 1 smd circle (at 0 0) (size 1.73 1.73) (layers F.Cu F.Paste F.Mask)
      (net 7 "Net-(J2-Pad1)"))
    (pad 2 smd rect (at 2.6 -2.38) (size 2.35 1.91) (layers F.Cu F.Paste F.Mask)
      (net 2 GND))
    (pad 2 smd rect (at -2.6 2.38) (size 2.35 1.91) (layers F.Cu F.Paste F.Mask)
      (net 2 GND))
    (pad 2 smd rect (at 0 2.8) (size 1.51 7.11) (layers F.Cu F.Paste F.Mask)
      (net 2 GND))
    (pad 2 smd rect (at 2.6 2.38) (size 2.35 1.91) (layers F.Cu F.Paste F.Mask)
      (net 2 GND))
    (pad 2 smd rect (at -1.515 -1.749 320) (size 1 0.5) (layers F.Cu F.Paste F.Mask)
      (net 2 GND))
    (pad 2 smd rect (at 1.515 -1.749 220) (size 1 0.5) (layers F.Cu F.Paste F.Mask)
      (net 2 GND))
    (pad 2 smd rect (at -1.515 1.749 220) (size 1 0.5) (layers F.Cu F.Paste F.Mask)
      (net 2 GND))
    (pad 2 smd rect (at 1.515 1.749 320) (size 1 0.5) (layers F.Cu F.Paste F.Mask)
      (net 2 GND))
    (pad 2 smd rect (at -0.85 -2.38 290) (size 2 1) (layers F.Cu F.Paste F.Mask)
      (net 2 GND))
    (pad 2 smd rect (at 0.85 -2.38 250) (size 2 1) (layers F.Cu F.Paste F.Mask)
      (net 2 GND))
    (pad 2 smd rect (at -0.85 2.38 250) (size 2 1) (layers F.Cu F.Paste F.Mask)
      (net 2 GND))
    (pad 2 smd rect (at 0.85 2.38 290) (size 2 1) (layers F.Cu F.Paste F.Mask)
      (net 2 GND))
  )

  (module Connectors:USB_A (layer F.Cu) (tedit 5543E289) (tstamp 5BFFA91C)
    (at 82.55 60.96 90)
    (descr "USB A connector")
    (tags "USB USB_A")
    (path /5BF8CA16)
    (fp_text reference J3 (at 0 -2.35 90) (layer F.SilkS)
      (effects (font (size 1 1) (thickness 0.15)))
    )
    (fp_text value USB_A (at 3.84 7.44 90) (layer F.Fab)
      (effects (font (size 1 1) (thickness 0.15)))
    )
    (fp_line (start -5.3 13.2) (end -5.3 -1.4) (layer F.CrtYd) (width 0.05))
    (fp_line (start 11.95 -1.4) (end 11.95 13.2) (layer F.CrtYd) (width 0.05))
    (fp_line (start -5.3 13.2) (end 11.95 13.2) (layer F.CrtYd) (width 0.05))
    (fp_line (start -5.3 -1.4) (end 11.95 -1.4) (layer F.CrtYd) (width 0.05))
    (fp_line (start 11.05 -1.14) (end 11.05 1.19) (layer F.SilkS) (width 0.12))
    (fp_line (start -3.94 -1.14) (end -3.94 0.98) (layer F.SilkS) (width 0.12))
    (fp_line (start 11.05 -1.14) (end -3.94 -1.14) (layer F.SilkS) (width 0.12))
    (fp_line (start 11.05 12.95) (end -3.94 12.95) (layer F.SilkS) (width 0.12))
    (fp_line (start 11.05 4.15) (end 11.05 12.95) (layer F.SilkS) (width 0.12))
    (fp_line (start -3.94 4.35) (end -3.94 12.95) (layer F.SilkS) (width 0.12))
    (pad 4 thru_hole circle (at 7.11 0) (size 1.5 1.5) (drill 1) (layers *.Cu *.Mask)
      (net 2 GND))
    (pad 3 thru_hole circle (at 4.57 0) (size 1.5 1.5) (drill 1) (layers *.Cu *.Mask)
      (net 8 "Net-(J3-Pad3)"))
    (pad 2 thru_hole circle (at 2.54 0) (size 1.5 1.5) (drill 1) (layers *.Cu *.Mask)
      (net 9 "Net-(J3-Pad2)"))
    (pad 1 thru_hole circle (at 0 0) (size 1.5 1.5) (drill 1) (layers *.Cu *.Mask)
      (net 4 5V))
    (pad 5 thru_hole circle (at 10.16 2.67) (size 3 3) (drill 2.3) (layers *.Cu *.Mask)
      (net 2 GND))
    (pad 5 thru_hole circle (at -3.56 2.67) (size 3 3) (drill 2.3) (layers *.Cu *.Mask)
      (net 2 GND))
    (model ${KISYS3DMOD}/Connectors.3dshapes/USB_A.wrl
      (offset (xyz 3.555999946594238 0 0))
      (scale (xyz 1 1 1))
      (rotate (xyz 0 0 90))
    )
  )

  (module Resistors_SMD:R_0805_HandSoldering (layer F.Cu) (tedit 58E0A804) (tstamp 5BFFA92D)
    (at 17.78 54.61 90)
    (descr "Resistor SMD 0805, hand soldering")
    (tags "resistor 0805")
    (path /5BF9948B)
    (attr smd)
    (fp_text reference R1 (at 0 -1.7 90) (layer F.SilkS)
      (effects (font (size 1 1) (thickness 0.15)))
    )
    (fp_text value 27 (at 0 1.75 90) (layer F.Fab)
      (effects (font (size 1 1) (thickness 0.15)))
    )
    (fp_text user %R (at 0 0 90) (layer F.Fab)
      (effects (font (size 0.5 0.5) (thickness 0.075)))
    )
    (fp_line (start -1 0.62) (end -1 -0.62) (layer F.Fab) (width 0.1))
    (fp_line (start 1 0.62) (end -1 0.62) (layer F.Fab) (width 0.1))
    (fp_line (start 1 -0.62) (end 1 0.62) (layer F.Fab) (width 0.1))
    (fp_line (start -1 -0.62) (end 1 -0.62) (layer F.Fab) (width 0.1))
    (fp_line (start 0.6 0.88) (end -0.6 0.88) (layer F.SilkS) (width 0.12))
    (fp_line (start -0.6 -0.88) (end 0.6 -0.88) (layer F.SilkS) (width 0.12))
    (fp_line (start -2.35 -0.9) (end 2.35 -0.9) (layer F.CrtYd) (width 0.05))
    (fp_line (start -2.35 -0.9) (end -2.35 0.9) (layer F.CrtYd) (width 0.05))
    (fp_line (start 2.35 0.9) (end 2.35 -0.9) (layer F.CrtYd) (width 0.05))
    (fp_line (start 2.35 0.9) (end -2.35 0.9) (layer F.CrtYd) (width 0.05))
    (pad 1 smd rect (at -1.35 0 90) (size 1.5 1.3) (layers F.Cu F.Paste F.Mask)
      (net 10 "Net-(R1-Pad1)"))
    (pad 2 smd rect (at 1.35 0 90) (size 1.5 1.3) (layers F.Cu F.Paste F.Mask)
      (net 1 "Net-(C1-Pad1)"))
    (model ${KISYS3DMOD}/Resistors_SMD.3dshapes/R_0805.wrl
      (at (xyz 0 0 0))
      (scale (xyz 1 1 1))
      (rotate (xyz 0 0 0))
    )
  )

  (module Resistors_SMD:R_0805_HandSoldering (layer F.Cu) (tedit 58E0A804) (tstamp 5BFFA93E)
    (at 14.605 54.61 90)
    (descr "Resistor SMD 0805, hand soldering")
    (tags "resistor 0805")
    (path /5BF993BA)
    (attr smd)
    (fp_text reference R2 (at 0 -1.7 90) (layer F.SilkS)
      (effects (font (size 1 1) (thickness 0.15)))
    )
    (fp_text value 27 (at 0 1.75 90) (layer F.Fab)
      (effects (font (size 1 1) (thickness 0.15)))
    )
    (fp_line (start 2.35 0.9) (end -2.35 0.9) (layer F.CrtYd) (width 0.05))
    (fp_line (start 2.35 0.9) (end 2.35 -0.9) (layer F.CrtYd) (width 0.05))
    (fp_line (start -2.35 -0.9) (end -2.35 0.9) (layer F.CrtYd) (width 0.05))
    (fp_line (start -2.35 -0.9) (end 2.35 -0.9) (layer F.CrtYd) (width 0.05))
    (fp_line (start -0.6 -0.88) (end 0.6 -0.88) (layer F.SilkS) (width 0.12))
    (fp_line (start 0.6 0.88) (end -0.6 0.88) (layer F.SilkS) (width 0.12))
    (fp_line (start -1 -0.62) (end 1 -0.62) (layer F.Fab) (width 0.1))
    (fp_line (start 1 -0.62) (end 1 0.62) (layer F.Fab) (width 0.1))
    (fp_line (start 1 0.62) (end -1 0.62) (layer F.Fab) (width 0.1))
    (fp_line (start -1 0.62) (end -1 -0.62) (layer F.Fab) (width 0.1))
    (fp_text user %R (at 0 0 90) (layer F.Fab)
      (effects (font (size 0.5 0.5) (thickness 0.075)))
    )
    (pad 2 smd rect (at 1.35 0 90) (size 1.5 1.3) (layers F.Cu F.Paste F.Mask)
      (net 3 "Net-(C2-Pad1)"))
    (pad 1 smd rect (at -1.35 0 90) (size 1.5 1.3) (layers F.Cu F.Paste F.Mask)
      (net 11 "Net-(R2-Pad1)"))
    (model ${KISYS3DMOD}/Resistors_SMD.3dshapes/R_0805.wrl
      (at (xyz 0 0 0))
      (scale (xyz 1 1 1))
      (rotate (xyz 0 0 0))
    )
  )

  (module TO_SOT_Packages_SMD:SOT-223 (layer F.Cu) (tedit 58CE4E7E) (tstamp 5BFFA954)
    (at 76.2 48.895)
    (descr "module CMS SOT223 4 pins")
    (tags "CMS SOT")
    (path /5BF8B9B1)
    (attr smd)
    (fp_text reference U3 (at 0 -4.5) (layer F.SilkS)
      (effects (font (size 1 1) (thickness 0.15)))
    )
    (fp_text value AP2114H-3.3TRG1 (at 0 4.5) (layer F.Fab)
      (effects (font (size 1 1) (thickness 0.15)))
    )
    (fp_line (start 1.85 -3.35) (end 1.85 3.35) (layer F.Fab) (width 0.1))
    (fp_line (start -1.85 3.35) (end 1.85 3.35) (layer F.Fab) (width 0.1))
    (fp_line (start -4.1 -3.41) (end 1.91 -3.41) (layer F.SilkS) (width 0.12))
    (fp_line (start -0.8 -3.35) (end 1.85 -3.35) (layer F.Fab) (width 0.1))
    (fp_line (start -1.85 3.41) (end 1.91 3.41) (layer F.SilkS) (width 0.12))
    (fp_line (start -1.85 -2.3) (end -1.85 3.35) (layer F.Fab) (width 0.1))
    (fp_line (start -4.4 -3.6) (end -4.4 3.6) (layer F.CrtYd) (width 0.05))
    (fp_line (start -4.4 3.6) (end 4.4 3.6) (layer F.CrtYd) (width 0.05))
    (fp_line (start 4.4 3.6) (end 4.4 -3.6) (layer F.CrtYd) (width 0.05))
    (fp_line (start 4.4 -3.6) (end -4.4 -3.6) (layer F.CrtYd) (width 0.05))
    (fp_line (start 1.91 -3.41) (end 1.91 -2.15) (layer F.SilkS) (width 0.12))
    (fp_line (start 1.91 3.41) (end 1.91 2.15) (layer F.SilkS) (width 0.12))
    (fp_line (start -1.85 -2.3) (end -0.8 -3.35) (layer F.Fab) (width 0.1))
    (fp_text user %R (at 0 0 90) (layer F.Fab)
      (effects (font (size 0.8 0.8) (thickness 0.12)))
    )
    (pad 1 smd rect (at -3.15 -2.3) (size 2 1.5) (layers F.Cu F.Paste F.Mask)
      (net 2 GND))
    (pad 3 smd rect (at -3.15 2.3) (size 2 1.5) (layers F.Cu F.Paste F.Mask)
      (net 4 5V))
    (pad 2 smd rect (at -3.15 0) (size 2 1.5) (layers F.Cu F.Paste F.Mask)
      (net 6 "Net-(C6-Pad1)"))
    (pad 4 smd rect (at 3.15 0) (size 2 3.8) (layers F.Cu F.Paste F.Mask)
      (net 6 "Net-(C6-Pad1)"))
    (model ${KISYS3DMOD}/TO_SOT_Packages_SMD.3dshapes/SOT-223.wrl
      (at (xyz 0 0 0))
      (scale (xyz 1 1 1))
      (rotate (xyz 0 0 0))
    )
  )

  (module RF_Modules:Digi_XBee_SMT (layer F.Cu) (tedit 589B6DEB) (tstamp 5BFFEE35)
    (at 51.38 57.61 90)
    (descr "http://www.digi.com/resources/documentation/digidocs/pdfs/90002126.pdf http://ftp1.digi.com/support/documentation/90001020_F.pdf")
    (tags "Digi XBee SMT RF")
    (path /5BF8B008)
    (attr smd)
    (fp_text reference U1 (at 0 -18.85 90) (layer F.SilkS)
      (effects (font (size 1 1) (thickness 0.15)))
    )
    (fp_text value XBee_SMT (at -0.5 18.4 90) (layer F.Fab)
      (effects (font (size 1 1) (thickness 0.15)))
    )
    (fp_line (start -11 -17.6) (end -11 16.18) (layer F.Fab) (width 0.1))
    (fp_line (start 11 -17.6) (end -11 -17.6) (layer F.Fab) (width 0.1))
    (fp_line (start 11 16.18) (end 11 -17.6) (layer F.Fab) (width 0.1))
    (fp_line (start -11 16.18) (end 11 16.18) (layer F.Fab) (width 0.1))
    (fp_line (start 12.75 17.65) (end -12.75 17.65) (layer F.CrtYd) (width 0.05))
    (fp_line (start 12.75 -18.1) (end 12.75 17.65) (layer F.CrtYd) (width 0.05))
    (fp_line (start -12.75 -18.1) (end 12.75 -18.1) (layer F.CrtYd) (width 0.05))
    (fp_line (start -12.75 17.65) (end -12.75 -18.1) (layer F.CrtYd) (width 0.05))
    (fp_line (start 11.25 -17.85) (end 11.25 -16.85) (layer F.SilkS) (width 0.12))
    (fp_line (start -11.25 -17.85) (end 11.25 -17.85) (layer F.SilkS) (width 0.12))
    (fp_line (start -11.25 -10.85) (end -11.25 -17.85) (layer F.SilkS) (width 0.12))
    (fp_line (start -11.25 16.4) (end -8 16.4) (layer F.SilkS) (width 0.12))
    (fp_line (start -11.25 15.15) (end -11.25 16.4) (layer F.SilkS) (width 0.12))
    (fp_line (start 11.25 16.4) (end 11.25 15.15) (layer F.SilkS) (width 0.12))
    (fp_line (start 8 16.4) (end 11.25 16.4) (layer F.SilkS) (width 0.12))
    (fp_line (start 9.4 -10.6) (end 3 -10.6) (layer Dwgs.User) (width 0.12))
    (fp_line (start 9.4 -8.3) (end 9.4 -10.6) (layer Dwgs.User) (width 0.12))
    (fp_line (start 3 -8.3) (end 9.4 -8.3) (layer Dwgs.User) (width 0.12))
    (fp_line (start 3 -10.6) (end 3 -8.3) (layer Dwgs.User) (width 0.12))
    (fp_text user required (at 4.8 -9 90) (layer Dwgs.User)
      (effects (font (size 0.5 0.5) (thickness 0.1)))
    )
    (fp_text user Keepout (at 4.8 -10 90) (layer Dwgs.User)
      (effects (font (size 0.5 0.5) (thickness 0.1)))
    )
    (fp_text user "Below module keepout or" (at 0 -4.2 90) (layer Dwgs.User)
      (effects (font (size 0.8 0.8) (thickness 0.1)))
    )
    (fp_text user "GND plane recommended!" (at 0 -3 90) (layer Dwgs.User)
      (effects (font (size 0.8 0.8) (thickness 0.1)))
    )
    (pad 37 smd rect (at 11 -15.92 90) (size 2.84 1.52) (layers F.Cu F.Paste F.Mask)
      (net 12 "Net-(U1-Pad37)"))
    (pad 36 smd rect (at 11 -13.92 90) (size 2.84 1.52) (layers F.Cu F.Paste F.Mask)
      (net 7 "Net-(J2-Pad1)"))
    (pad 35 smd rect (at 11 -11.92 90) (size 2.84 1.52) (layers F.Cu F.Paste F.Mask)
      (net 2 GND))
    (pad 34 smd rect (at 11 -9.92 90) (size 2.84 1.52) (layers F.Cu F.Paste F.Mask)
      (net 13 "Net-(U1-Pad34)"))
    (pad 33 smd rect (at 11 -7.92 90) (size 2.84 1.52) (layers F.Cu F.Paste F.Mask)
      (net 14 "Net-(U1-Pad33)"))
    (pad 32 smd rect (at 11 -5.92 90) (size 2.84 1.52) (layers F.Cu F.Paste F.Mask)
      (net 15 "Net-(U1-Pad32)"))
    (pad 31 smd rect (at 11 -3.92 90) (size 2.84 1.52) (layers F.Cu F.Paste F.Mask)
      (net 16 "Net-(U1-Pad31)"))
    (pad 30 smd rect (at 11 -1.92 90) (size 2.84 1.52) (layers F.Cu F.Paste F.Mask)
      (net 17 "Net-(U1-Pad30)"))
    (pad 29 smd rect (at 11 0.08 90) (size 2.84 1.52) (layers F.Cu F.Paste F.Mask)
      (net 18 RTS))
    (pad 28 smd rect (at 11 2.08 90) (size 2.84 1.52) (layers F.Cu F.Paste F.Mask)
      (net 19 "Net-(U1-Pad28)"))
    (pad 27 smd rect (at 11 4.08 90) (size 2.84 1.52) (layers F.Cu F.Paste F.Mask)
      (net 20 "Net-(U1-Pad27)"))
    (pad 26 smd rect (at 11 6.08 90) (size 2.84 1.52) (layers F.Cu F.Paste F.Mask)
      (net 21 "Net-(U1-Pad26)"))
    (pad 25 smd rect (at 11 8.08 90) (size 2.84 1.52) (layers F.Cu F.Paste F.Mask)
      (net 22 CTS))
    (pad 24 smd rect (at 11 10.08 90) (size 2.84 1.52) (layers F.Cu F.Paste F.Mask)
      (net 23 "Net-(U1-Pad24)"))
    (pad 23 smd rect (at 11 12.08 90) (size 2.84 1.52) (layers F.Cu F.Paste F.Mask)
      (net 24 "Net-(U1-Pad23)"))
    (pad 22 smd rect (at 11 14.08 90) (size 2.84 1.52) (layers F.Cu F.Paste F.Mask)
      (net 2 GND))
    (pad 21 smd rect (at 7 15.93 180) (size 2.84 1.52) (layers F.Cu F.Paste F.Mask)
